88633
88633
88633
1.1016e+005
88633
2.3389e+008
1.1016e+005
1.0594e+005
88633
88633
1.1016e+005
88633
8.6404e+006
3.8293e+007
88633
7.5517e+006
3.8293e+007
1.1016e+005
88633
1.739e+007
88633
9.128e+006
88633
1.0933e+005
1.3292e+007
88633
6.3179e+007
2.2125e+008
2.2695e+007
88633
7.6271e+006
88633
1.0077e+008
88633
1.1016e+005
8.7817e+005
1.3086e+005
1.1016e+005
1.1621e+008
1.5806e+006
88633
88633
7.3178e+006
8.9825e+007
88633
1.1016e+005
1.961e+008
2.1341e+007
88633
7.3393e+006
1.6699e+006
1.6482e+008
88633
88633
1.1016e+005
1.1352e+008
9.1272e+006
1.558e+008
88633
88633
6.852e+006
1.1016e+005
3.8293e+007
88633
88633
88633
3.704e+007
88633
1.1016e+005
7.1954e+007
2.2751e+007
1.1016e+005
3.8314e+007
88633
5.0426e+007
6.9738e+007
1.1016e+005
7.3385e+006
1.1016e+005
1.1016e+005
3.0481e+007
88633
4.6268e+007
4.0292e+006
1.0933e+005
1.1016e+005
8.8776e+007
88633
88633
1.1016e+005
1.1016e+005
88633
7.3178e+006
3.2205e+007
9.9595e+006
1.0933e+005
7.898e+006
88633
88633
