0
0
0
0
0
0.0074075
0
0.012636
0
0
0
0
0.0056201
0.029046
0
0
0.02655
0
0
0
0
0.0026904
0
0
0.017503
0
0.018662
0.04851
0.0055361
0
0.0059953
0
0.063868
0
0.0026485
0
0
0
0.056081
0.0013373
6.8483e-078
0
0
0.036902
0.01771
0.091383
0.087294
0.0076075
0
0.005831
0.020362
0.067208
0
0
6.8483e-078
0.049835
0.0026904
0.055241
0
0
0.0062714
0
0.011406
0
0
0
0.04748
0
6.8483e-078
0.042092
0.0058797
0
0.011406
0
0.030784
0.00043782
6.8483e-078
0.005831
0
0
0.010626
0
0.015545
0.0029564
0
0
0.044844
0
0
0
6.8483e-078
0
0
0.0098087
0.005831
0
0.0026485
0
0
