0
0
0
0.012768
0
0.095185
0.012768
3.4929e-077
0
0
0.012768
0
0.0039302
0.012197
0
0.0040582
0.012197
0.012768
0
0.0062656
0
0.01494
0
0.0017655
0.020887
0
0.0061909
0.077243
0.0022331
0
0.0068207
0
0.029305
0
0.012768
0.00041307
0.014534
0.012768
0.029989
0.00083766
0
0
0.0066339
0.014716
0
3.4929e-077
0.058173
0.012515
0
0.019402
0.013508
0.050028
0
0
0.012768
0.028365
0.0039374
0.045124
0
0
0.014666
0.012768
0.012197
0
0
0
0.02974
0
0.012768
0.0090608
0.01031
0.012768
0.024965
0
0.013412
0.014514
3.4929e-077
0.0083994
0.012768
3.4929e-077
0.028665
0
0.013722
0.0033217
0.0017655
0.012768
0.0078127
0
0
0.012768
3.4929e-077
0
0.0066339
0.0093903
0.023613
0.0017655
0.0086687
0
0
