0.0023933
0.0023933
0.0023933
0.0023933
0.0023933
0.014677
0.0023933
0.016253
0.0023933
0.0023933
0.0023933
0.0023933
0.0042087
0.011756
0.0023933
0.0023933
0.0086922
0.0023933
0.0023933
0.0023933
0.0023933
0.0053632
0.0023933
0.0023933
0.012844
0.0023933
0.0033529
0.028394
0.0068684
0.0023933
0.011609
0.0023933
0.014799
0.0023933
0.0036351
0.0023933
0.0023933
0.0023933
0.01421
0.0073273
0.016209
0.0023933
0.0023933
0.010698
0.0094858
0.19361
0.053119
0.008867
0.0023933
0.005381
0.0043829
0.02478
0.0023933
0.0023933
0.0044276
0.014643
0.0053632
0.014789
0.0023933
0.0023933
0.0069242
0.0023933
0.006498
0.0023933
0.0023933
0.0023933
0.031634
0.0023933
0.16688
0.012303
0.004809
0.0023933
0.006498
0.0023933
0.010208
0.0053124
0.015955
0.005381
0.0023933
0.0023933
0.012814
0.0023933
0.013976
0.0063895
0.0023933
0.0023933
0.010214
0.0023933
0.0023933
0.0023933
0.015955
0.0023933
0.0023933
0.0050262
0.005381
0.0023933
0.0036351
0.0023933
0.0023933
